adversary_depth: 3
adversary_lr: 0.0011926173789223548
adversary_steps: 3
adversary_wd: 0.000009846738873614555
adversary_width: 128
autoencoder_depth: 4
autoencoder_lr: 0.0015751320499779737
autoencoder_wd: 6.251373574521742e-7
autoencoder_width: 256
batch_size: 512
dim: 32
dosers_depth: 3
dosers_lr: 0.0015751320499779737
dosers_wd: 6.251373574521742e-7
dosers_width: 64
dropout: 0.262378
embedding_encoder_depth: 4
embedding_encoder_width: 128
penalty_adversary: 0.4550475813202185
reg_adversary: 9.100951626404369
reg_adversary_cov: 16.165583124257587
reg_multi_task: 0
step_size_lr: 6